1
4
7
7
7
8
11
14
18
18
19
22
24
28
30
31
31
34
34
36
37
40
42
42
42
43
46
49
51
53
54
57
60
62
64
65
68
71
73
75
76
76
79
79
81
82
85
87
87
87
88
90
92
94
94
95
98
101
101
101
102
105
107
107
107
108
111
114
114
116
117
120
123
123
123
124
126
127
130
132
133
136
136
136
138
139
142
144
146
146
146
148
151
153
153
154
156
158
160
160
160
162
163
165
167
167
170
172
173
174
175
178
178
180
182
183
186
186
190
192
193
196
198
202
202
203
206
209
209
211
212
214
217
217
217
217
220
223
223
223
223
225
225
229
231
232
235
237
241
243
244
247
249
253
253
254
257
260
262
262
263
265
268
270
272
273
275
276
276
278
279
282
284
284
284
285
288
290
292
292
293
296
298
300
300
301
304
306
308
310
310
313
315
316
317
318
321
324
326
326
327
329
330
332
332
333
335
336
338
338
339
341
342
345
345
345
347
347
350
350
351
354
357
359
359
360
362
363
365
367
368
371
374
376
378
379
379
382
386
386
386
388
391
393
393
394
396
399
399
399
400
403
403
407
407
407
409
411
415
415
416
419
421
425
427
427
427
430
430
430
431
433
435
435
437
438
441
444
444
446
447
450
452
453
453
453
456
459
459
459
460
462
464
466
468
469
472
472
476
476
477
480
483
483
485
485
488
488
488
489
490
493
493
497
499
500
503
505
507
507
508
511
511
513
513
514
517
519
523
523
523
523
525
527
527
528
530
533
533
535
536
539
539
541
543
544
547
550
552
554
555
558
560
564
564
565
568
571
573
575
576
579
582
586
586
587
589
592
596
598
599
602
605
607
609
610
613
615
619
619
620
623
626
626
628
628
631
633
637
637
638
641
643
645
645
646
649
652
656
658
658
660
662
666
666
667
670
672
672
672
673
676
679
681
681
682
684
685
688
688
689
692
692
693
695
696
699
702
702
702
703
706
709
711
711
711
711
714
715
716
717
720
722
726
726
727
730
730
730
732
733
736
736
736
738
739
742
744
746
746
747
747
750
750
752
753
756
759
759
759
760
763
766
768
770
771
774
776
778
780
781
784
786
788
788
789
789
792
792
794
794
796
799
801
801
802
805
807
808
808
809
809
812
813
815
816
819
822
822
824
825
827
829
831
831
832
835
838
838
840
841
843
845
847
849
850
853
856
856
856
857
860
862
863
865
865
866
868
870
870
871
874
877
877
877
877
880
880
883
883
884
887
889
891
891
892
895
898
900
902
903
906
908
910
912
913
915
916
920
922
923
926
928
929
929
930
932
935
935
935
936
939
942
946
946
946
946
949
951
953
954
957
960
960
960
961
964
964
968
970
971
974
974
978
978
978
981
984
988
988
989
991
992
994
994
995
998
998
1002
1004
1005
1008
1008
1012
1012
1013
1016
1018
1018
1018
1019
1022
1022
1026
1026
1027
1030
1033
1033
1033
1034
1037
1039
1039
1041
1042
1045
1045
1046
1047
1048
1050
1051
1053
1053
1053
1056
1058
1062
1062
1063
1066
1066
1069
1071
1071
1071
1073
1075
1075
1076
1078
1080
1082
1084
1085
1086
1088
1092
1092
1093
1096
1096
1098
1100
1101
1104
1107
1107
1107
1108
1109
1111
1112
1112
1112
1114
1117
1119
1119
1120
1120
1123
1124
1126
1127
1130
1133
1135
1135
1136
1138
1141
1141
1142
1143
1146
1149
1153
1153
1153
1155
1157
1157
1157
1158
1161
1161
1165
1165
1166
1169
1171
1173
1175
1175
1175
1178
1180
1180
1181
1184
1187
1187
1189
1189
1191
1193
1193
1193
1194
1196
1198
1199
1199
1199
1202
1205
1205
1205
1206
1209
1212
1212
1214
1215
1218
1221
1221
1221
1222
1224
1227
1231
1233
1234
1237
1239
1241
1241
1242
1244
1247
1251
1253
1254
1257
1260
1262
1264
1265
1267
1268
1270
1270
1270
1272
1275
1277
1277
1277
1279
1282
1284
1284
1285
1288
1291
1293
1293
1294
1297
1299
1299
1301
1302
1305
1307
1309
1309
1309
1311
1314
1316
1316
1317
1318
1320
1322
1322
1322
1324
1327
1331
1331
1332
1334
1337
1341
1341
1342
1345
1348
1350
1352
1353
1356
1359
1363
1363
1364
1367
1370
1374
1374
1375
1378
1378
1380
1382
1383
1386
1388
1390
1392
1393
1396
1399
1399
1399
1400
1403
1403
1406
1406
1406
1408
1411
1415
1417
1418
1421
1421
1424
1426
1427
1430
1432
1434
1436
1437
1440
1443
1443
1445
1445
1447
1450
1450
1450
1451
1454
1457
1457
1459
1460
1463
1465
1467
1467
1468
1470
1473
1477
1477
1477
1480
1483
1483
1483
1484
1487
1490
1490
1492
1493
1496
1499
1499
1499
1500
1503
1506
1510
1510
1511
1513
1514
1516
1516
1516
1519
1519
1520
1520
1521
1524
1527
1529
1531
1531
1531
1534
1535
1537
1537
1539
1542
1544
1546
1547
1550
1552
1554
1556
1557
1560
1560
1563
1563
1564
1564
1565
1568
1568
1568
1570
1573
1573
1575
1576
1579
1582
1582
1582
1583
1585
1588
1588
1590
1591
1593
1595
1599
1599
1600
1603
1606
1608
1610
1611
1614
1614
1618
1620
1621
1624
1626
1630
1632
1633
1636
1639
1639
1639
1640
1643
1645
1647
1647
1648
1651
1651
1651
1652
1653
1653
1656
1658
1658
1658
1660
1663
1663
1663
1663
1665
1666
1669
1671
1672
1675
1677
1679
1681
1682
1685
1688
1690
1692
1693
1696
1698
1698
1698
1699
1702
1705
1707
1707
1708
1710
1711
1713
1713
1714
1716
1718
1720
1722
1722
1724
1727
1727
1727
1728
1731
1731
1734
1734
1734
1737
1740
1742
1742
1743
1745
1748
1750
1750
1750
1752
1752
1753
1754
1754
1757
1760
1760
1760
1760
1762
1765
1765
1765
1766
1768
1771
1773
1775
1776
1779
1782
1784
1784
1785
1788
1791
1791
1791
1792
1794
1797
1797
1799
1799
1801
1803
1804
1804
1805
1808
1811
1813
1813
1814
1817
1819
1821
1821
1822
1824
1826
1830
1830
1830
1832
1832
1834
1834
1835
1838
1840
1840
1840
1841
1843
1844
1846
1846
1847
1850
1853
1855
1857
1858
1858
1861
1865
1867
1868
1870
1871
1875
1875
1876
1878
1881
1885
1885
1885
1887
1887
1890
1890
1891
1893
1895
1897
1897
1898
1900
1903
1907
1907
1907
1907
1910
1910
1910
1911
1913
1915
1917
1917
1917
1919
1922
1922
1922
1922
1924
1927
1931
1931
1931
1931
1934
1935
1935
1935
1938
1941
1943
1943
1944
1947
1949
1950
1950
1950
1953
1956
1956
1956
1957
1957
1960
1961
1961
1961
1964
1966
1968
1968
1969
1972
1974
1974
1975
1976
1979
1981
1983
1983
1984
1987
1990
1992
1992
1993
1996
1999
2003
2003
2003
2006
2008
2010
2010
2011
2013
2016
2018
2018
2019
2022
2024
2026
2028
2028
2028
2031
2031
2033
2034
2037
2039
2039
2039
2040
2043
2046
2048
2048
2049
2052
2055
2057
2057
2058
2058
2060
2062
2062
2062
2064
2066
2068
2068
2068
2070
2073
2073
2075
2076
2079
2082
2082
2082
2083
2086
2089
2089
2091
2091
2093
2096
2096
2097
2097
2100
2100
2103
2105
2106
2109
2112
2112
2112
2113
2116
2119
2121
2121
2122
2125
2127
2127
2128
2128
2131
2133
2135
2137
2138
2141
2144
2144
2144
2145
2148
2150
2152
2152
2153
2156
2156
2159
2159
2160
2160
2163
2163
2165
2166
2169
2171
2171
2171
2172
2174
2176
2178
2178
2179
2182
2185
2187
2189
2190
2193
2196
2196
2196
2197
2199
2202
2202
2202
2203
2206
2208
2210
2210
2211
2214
2217
2221
2221
2221
2223
2226
2226
2226
2227
2230
2233
2235
2235
2236
2239
2242
2246
2248
2249
2252
2254
2256
2256
2257
2260
2262
2263
2265
2266
2269
2271
2271
2273
2274
2277
2280
2282
2284
2285
2288
2291
2295
2295
2296
2299
2301
2305
2307
2308
2311
2314
2314
2314
2315
2317
2319
2321
2321
2322
2325
2328
2328
2330
2330
2332
2333
2337
2339
2340
2343
2346
2350
2350
2350
2352
2354
2354
2354
2355
2358
2360
2360
2360
2361
2364
2367
2369
2369
2370
2372
2375
2377
2377
2378
2380
2383
2383
2383
2384
2386
2387
2391
2393
2394
2397
2400
2400
2400
2401
2404
2406
2406
2408
2409
2412
2414
2416
2416
2417
2419
2422
2424
2426
2427
2430
2433
2435
2437
2438
2441
2443
2447
2447
2447
2449
2451
2451
2451
2452
2455
2457
2457
2457
2458
2461
2464
2464
2464
2464
2467
2469
2469
2469
2470
2473
2476
2478
2480
2481
2484
2487
2491
2493
2494
2497
2500
2500
2500
2501
2504
2506
2506
2507
2507
2508
2510
2511
2512
2513
2516
2518
2520
2520
2521
2524
2527
2529
2529
2530
2533
2535
2536
2538
2539
2542
2545
2547
2547
2548
2551
2554
2554
2556
2556
2559
2559
2562
2562
2562
2562
2565
2566
2566
2567
2570
2573
2573
2573
2574
2577
2580
2580
2580
2581
2583
2584
2587
2587
2588
2588
2591
2591
2591
2592
2595
2597
2601
2601
2602
2605
2605
2605
2607
2607
2609
2611
2613
2615
2616
2619
2622
2624
2624
2625
2628
2631
2635
2635
2636
2639
2639
2642
2644
2645
2648
2651
2653
2653
2653
2653
2656
2660
2660
2661
2663
2666
2666
2666
2667
2670
2670
2673
2673
2674
2677
2679
2680
2680
2680
2683
2685
2687
2687
2688
2690
2692
2694
2694
2695
2698
2701
2701
2701
2702
2705
2705
2708
2708
2709
2711
2712
2715
2715
2716
2719
2721
2721
2723
2724
2724
2727
2727
2729
2730
2733
2735
2737
2737
2737
2739
2742
2742
2742
2742
2742
2745
2746
2747
2747
2747
2750
2751
2752
2753
2755
2757
2759
2761
2762
2765
2767
2769
2771
2772
2775
2777
2779
2781
2782
2785
2788
2788
2790
2791
2793
2795
2797
2797
2798
2800
2802
2806
2806
2807
2810
2813
2817
2817
2818
2821
2824
2824
2826
2827
2829
2832
2836
2836
2837
2840
2843
2845
2845
2846
2849
2849
2853
2853
2853
2855
2858
2860
2860
2860
2862
2864
2866
2868
2869
2872
2875
2877
2877
2878
2881
2884
2884
2884
2885
2888
2888
2890
2890
2891
2893
2896
2900
2902
2903
2905
2908
2910
2910
2911
2911
2914
2916
2916
2916
2916
2919
2920
2922
2923
2926
2929
2929
2929
2930
2933
2936
2938
2938
2939
2942
2944
2946
2948
2949
2951
2954
2954
2956
2957
2960
2963
2965
2967
2968
2971
2971
2973
2973
2974
2977
2980
2980
2980
2981
2982
2984
2985
2985
2985
2988
2991
2991
2993
2994
2997
2999
2999
2999
2999
3002
3005
3005
3005
3006
3009
3009
3012
3012
3012
3014
3015
3017
3019
3019
3022
3024
3025
3026
3027
3030
3033
3035
3035
3036
3038
3039
3041
3041
3042
3044
3045
3047
3047
3048
3050
3051
3054
3054
3054
3056
3056
3059
3059
3060
3063
3066
3068
3068
3069
3071
3072
3074
3076
3077
3080
3083
3085
3087
3088
3088
3091
3095
3095
3095
3097
3100
3102
3102
3103
3105
3108
3108
3108
3109
3112
3112
3116
3116
3116
3118
3120
3124
3124
3125
3128
3130
3134
3136
3136
3136
3139
3139
3139
3140
3142
3144
3144
3146
3147
3150
3153
3153
3155
3156
3159
3161
3162
3162
3162
3165
3168
3168
3168
3169
3171
3173
3175
3177
3178
3181
